214
215
216
217
218
219
220
221
222
223
224
225
226
227
228
229
230
231
241
242
243
244
245
246
247
382
383
384
385
386
387
388
389
390
391
392
393
394
395
759
760
761
762
763
764
765
766
767
768
769
770
771
772
773
774
775
776
808
809
810
843
844
851
852
853
854
855
856
1736
946
947
948
949
950
951
952
953
954
955
956
957
958
1091
1092
1093
1094
1095
1096
1097
1098
1099
1100
1101
1102
1103
1104
1105
1106
1107
1108
1161
1260
1261
1262
1263
1264
1265
1266
1267
1268
1269
1271
1332
1333
1334
1336
1341
1556
1603
1604
1606
1729
1730
1731
1732
1733
1941
1945
1947
2011
2261
2262
2263
2264
2079
2080
2081
2082
2083
2084
2085
2164
2165
2166
2167
2168
2169
2170
2171
2172
2208
2209
2210
2211
2212
2213
2214
2215
2216
2217
2218
2239
2240
2241
2242
2243
2244
2245
2246
2277
2278
2279
2280
2247
2248
2249
2250
2251
2252
2253
2634
2635
2636
2637
2639
2641
2644
2645
2652
2653
2465
2615
2618
2620
2533
2536
2966
2967
2968
2969
2970
